1. selection sort
- 255 31 15 127 511 1023 63 7 2047
- 255 31 15 127 511 7 63 1023 2047
- 255 31 15 127 63 7 511 1023 2047
- 7 31 15 127 63 255 511 1023 2047
- 7 31 15 63 127 255 511 1023 2047
- 7 15 31 63 127 255 511 1023 2047

2. insertion sort
- 255 31 15 127 511 1023 63 7 2047
- 31 255 15 127 511 1023 63 7 2047
- 15 31 255 127 511 1023 63 7 2047
- 15 31 127 255 511 1023 63 7 2047
- 15 31 63 127 255 511 1023 7 2047
- 7 15 31 63 127 255 511 1023 2047


3. quick sort
- 255 31 15 127 511 1023 63 7 2047
- 31 15 127 63 7 255 511 1023 2047
- 7 15 31 127 63 255 511 1023 2047
- 7 15 31 63 127 255 511 1023 2047


4. merge sort
- 255 31 15 127 511 1023 63 7 2047
255 31 15 127       511 1023 63 7 2047
255 31      15 127      511 1023        63 7 2047
255     31      15      127     511     1023        63      7 2047
255     31      15      127     511     1023        63      7       2047
31 255            15 127          511 1023             7 63        2047
15 31 127 255                       7 63 511 1023           2047
7 15 31 63 127 255 511 1023     2047
7 15 31 63 127 255 511 1023 2047
